3754 ms,https://172.30.138.49/FLS2Agent/services/AgentService/agentWS/startFraudResultManual
1107 ms,http://172.30.138.49:8180/FLS2Agent/services/AgentService/agentWS/startFraudResultManual
